Chromosome	Position	Mutant	Reference	mostLikely	averageFrequency	totalCN	mutationCN
3	108098162	C	A	2	0.506656405436889	2	1
21	26469545	C	A	2	0.506656405436889	2	1
20	47203034	C	A	3	1	2	1
14	20795367	C	A	3	1	2	1
1	136430573	C	A	3	1	2	1
9	81431571	C	A	3	1	2	1
19	46322272	C	A	2	0.506656405436889	2	1
3	54731923	C	A	3	1	2	1
4	90116433	C	A	2	0.506656405436889	2	1
18	5722903	C	A	3	1	2	1
8	64912075	C	A	3	1	2	1
8	121259657	C	A	2	0.506656405436889	2	1
11	96752287	C	A	3	1	2	1
11	64501239	C	A	3	1	2	1
1	156899151	C	A	2	0.506656405436889	2	1
17	53431931	C	A	2	0.506656405436889	2	1
12	39005335	C	A	3	1	2	1
12	23847252	C	A	3	1	2	1
9	94688006	C	A	3	1	2	1
15	8715805	C	A	3	1	2	1
12	3755772	C	A	3	1	2	1
4	165654732	C	A	2	0.506656405436889	2	1
13	79183253	C	A	3	1	2	1
11	66946797	C	A	2	0.506656405436889	2	1
1	7023674	C	A	3	1	2	1
18	60943507	C	A	3	1	2	1
6	139208933	C	A	2	0.506656405436889	2	1
22	38409065	C	A	3	1	2	1
10	49007652	C	A	3	1	2	1
17	43163814	C	A	3	1	2	1
17	62883406	C	A	3	1	2	1
11	9079182	C	A	3	1	2	1
13	90722200	C	A	2	0.506656405436889	2	1
20	51037804	C	A	2	0.506656405436889	2	1
6	126581847	C	A	3	1	2	1
16	61457486	C	A	3	1	2	1
21	21183426	C	A	2	0.506656405436889	2	1
1	216612256	C	A	2	0.506656405436889	2	1
15	78725280	C	A	2	0.506656405436889	2	1
9	76787609	C	A	3	1	2	1
9	53859324	C	A	3	1	2	1
13	89472942	C	A	3	1	2	1
2	5967644	C	A	2	0.506656405436889	2	1
4	40150623	C	A	3	1	2	1
19	14809119	C	A	3	1	2	1
14	90677579	C	A	2	0.506656405436889	2	1
4	89733416	C	A	2	0.506656405436889	2	1
6	50541356	C	A	2	0.506656405436889	2	1
19	22794901	C	A	2	0.506656405436889	2	1
2	129640173	C	A	2	0.506656405436889	2	1
14	15563245	C	A	2	0.506656405436889	2	1
7	93616262	C	A	3	1	2	1
14	99765116	C	A	2	0.506656405436889	2	1
13	13907395	C	A	3	1	2	1
8	89362872	C	A	3	1	2	1
20	37146724	C	A	2	0.506656405436889	2	1
16	35793538	C	A	2	0.506656405436889	2	1
22	35446737	C	A	3	1	2	1
3	146906244	C	A	3	1	2	1
22	18201150	C	A	3	1	2	1
5	23401638	C	A	2	0.506656405436889	2	1
13	79318094	C	A	3	1	2	1
10	15165795	C	A	2	0.506656405436889	2	1
9	39274464	C	A	2	0.506656405436889	2	1
9	17052554	C	A	3	1	2	1
12	56717668	C	A	3	1	2	1
16	85397648	C	A	3	1	2	1
18	43696349	C	A	2	0.506656405436889	2	1
10	118555112	C	A	3	1	2	1
9	98508635	C	A	2	0.506656405436889	2	1
3	144615362	C	A	2	0.506656405436889	2	1
5	180158813	C	A	3	1	2	1
13	20903700	C	A	2	0.506656405436889	2	1
19	10740975	C	A	2	0.506656405436889	2	1
4	141285704	C	A	2	0.506656405436889	2	1
4	38724843	C	A	2	0.506656405436889	2	1
6	111079871	C	A	1	0.29063522004102	2	1
6	147461631	C	A	2	0.506656405436889	2	1
3	160684964	C	A	1	0.29063522004102	2	1
13	17412650	C	A	2	0.506656405436889	2	1
22	24781366	C	A	1	0.29063522004102	2	1
13	70313397	C	A	1	0.29063522004102	2	1
17	17926890	C	A	1	0.29063522004102	2	1
5	19876386	C	A	1	0.29063522004102	2	1
16	35019834	C	A	1	0.29063522004102	2	1
20	17423225	C	A	1	0.29063522004102	2	1
15	78776658	C	A	2	0.506656405436889	2	1
18	50231431	C	A	2	0.506656405436889	2	1
22	46010010	C	A	1	0.29063522004102	2	1
12	2134108	C	A	2	0.506656405436889	2	1
3	21791406	C	A	2	0.506656405436889	2	1
19	35095746	C	A	2	0.506656405436889	2	1
19	11473402	C	A	1	0.29063522004102	2	1
18	75181335	C	A	1	0.29063522004102	2	1
12	46728718	C	A	1	0.29063522004102	2	1
13	76624526	C	A	2	0.506656405436889	2	1
21	19158103	C	A	2	0.506656405436889	2	1
18	37755081	C	A	1	0.29063522004102	2	1
9	75701450	C	A	2	0.506656405436889	2	1
14	23034366	C	A	2	0.506656405436889	2	1
9	68601857	C	A	1	0.29063522004102	2	1
1	42953428	C	A	2	0.506656405436889	2	1
15	15664375	C	A	1	0.29063522004102	2	1
14	102728942	C	A	2	0.506656405436889	2	1
8	91721559	C	A	2	0.506656405436889	2	1
21	24496962	C	A	2	0.506656405436889	2	1
18	72207559	C	A	2	0.506656405436889	2	1
19	16722098	C	A	2	0.506656405436889	2	1
18	17975801	C	A	1	0.29063522004102	2	1
20	46140923	C	A	1	0.29063522004102	2	1
4	141185593	C	A	2	0.506656405436889	2	1
17	16312383	C	A	2	0.506656405436889	2	1
20	44751099	C	A	2	0.506656405436889	2	1
22	16936053	C	A	1	0.29063522004102	2	1
20	33104866	C	A	2	0.506656405436889	2	1
9	85672666	C	A	2	0.506656405436889	2	1
7	13944198	C	A	2	0.506656405436889	2	1
5	105953564	C	A	2	0.506656405436889	2	1
15	55779727	C	A	2	0.506656405436889	2	1
7	129107554	C	A	1	0.29063522004102	2	1
22	8028410	C	A	2	0.506656405436889	2	1
22	41321743	C	A	1	0.29063522004102	2	1
12	131130189	C	A	2	0.506656405436889	2	1
20	6824182	C	A	1	0.29063522004102	2	1
17	9165417	C	A	2	0.506656405436889	2	1
20	43465619	C	A	2	0.506656405436889	2	1
10	3709374	C	A	1	0.29063522004102	2	1
6	72111502	C	A	1	0.29063522004102	2	1
1	200374757	C	A	1	0.29063522004102	2	1
15	10842300	C	A	2	0.506656405436889	2	1
1	104367136	C	A	1	0.29063522004102	2	1
2	108615494	C	A	1	0.29063522004102	2	1
6	29644255	C	A	1	0.29063522004102	2	1
8	113145730	C	A	2	0.506656405436889	2	1
4	88710937	C	A	1	0.29063522004102	2	1
8	134993265	C	A	2	0.506656405436889	2	1
5	65046349	C	A	1	0.29063522004102	2	1
19	39851711	C	A	2	0.506656405436889	2	1
13	96158330	C	A	1	0.29063522004102	2	1
8	92186584	C	A	2	0.506656405436889	2	1
4	79310266	C	A	1	0.29063522004102	2	1
16	44589088	C	A	1	0.29063522004102	2	1
8	39244403	C	A	1	0.29063522004102	2	1
16	69829460	C	A	1	0.29063522004102	2	1
17	46309275	C	A	1	0.29063522004102	2	1
22	48434020	C	A	2	0.506656405436889	2	1
19	11528942	C	A	1	0.29063522004102	2	1
22	10750229	C	A	2	0.506656405436889	2	1
1	171345113	C	A	2	0.506656405436889	2	1
12	88671876	C	A	1	0.29063522004102	2	1
8	65114853	C	A	2	0.506656405436889	2	1
9	27523945	C	A	2	0.506656405436889	2	1
22	33533095	C	A	1	0.29063522004102	2	1
22	43721720	C	A	2	0.506656405436889	2	1
2	64401322	C	A	2	0.506656405436889	2	1
17	35012167	C	A	1	0.29063522004102	2	1
19	8086937	C	A	2	0.506656405436889	2	1
20	47030540	C	A	1	0.29063522004102	2	1
2	116228260	C	A	2	0.506656405436889	2	1
21	1265532	C	A	1	0.29063522004102	2	1
9	121445660	C	A	2	0.506656405436889	2	1
22	48520811	C	A	2	0.506656405436889	2	1
21	12736563	C	A	2	0.506656405436889	2	1
1	111856	C	A	1	0.29063522004102	2	1
15	62950442	C	A	2	0.506656405436889	2	1
14	83077980	C	A	1	0.29063522004102	2	1
17	61398079	C	A	2	0.506656405436889	2	1
3	154788610	C	A	2	0.506656405436889	2	1
6	25676591	C	A	1	0.29063522004102	2	1
22	49241205	C	A	2	0.506656405436889	2	1
17	26098086	C	A	1	0.29063522004102	2	1
22	49716676	C	A	1	0.29063522004102	2	1
6	136581410	C	A	2	0.506656405436889	2	1
2	112281539	C	A	2	0.506656405436889	2	1
10	100048466	C	A	2	0.506656405436889	2	1
3	18434161	C	A	1	0.29063522004102	2	1
11	57568897	C	A	1	0.29063522004102	2	1
8	43467900	C	A	2	0.506656405436889	2	1
20	44452107	C	A	2	0.506656405436889	2	1
21	30538448	C	A	2	0.506656405436889	2	1
19	58201883	C	A	2	0.506656405436889	2	1
4	100921344	C	A	2	0.506656405436889	2	1
17	77945589	C	A	1	0.29063522004102	2	1
22	6554314	C	A	2	0.506656405436889	2	1
14	13216729	C	A	2	0.506656405436889	2	1
10	17232678	C	A	2	0.506656405436889	2	1
7	74965631	C	A	2	0.506656405436889	2	1
7	101714029	C	A	2	0.506656405436889	2	1
17	12473818	C	A	1	0.29063522004102	2	1
16	72948792	C	A	2	0.506656405436889	2	1
11	62557663	C	A	1	0.29063522004102	2	1
9	4475444	C	A	2	0.506656405436889	2	1
2	98336812	C	A	2	0.506656405436889	2	1
8	145194215	C	A	1	0.29063522004102	2	1
11	57822078	C	A	2	0.506656405436889	2	1
17	15549708	C	A	1	0.29063522004102	2	1
18	30368120	C	A	2	0.506656405436889	2	1
3	47251798	C	A	2	0.506656405436889	2	1
13	81654423	C	A	2	0.506656405436889	2	1
18	19531927	C	A	1	0.29063522004102	2	1
19	5850251	C	A	2	0.506656405436889	2	1
21	39345012	C	A	2	0.506656405436889	2	1
9	47232214	C	A	1	0.29063522004102	2	1
18	1864959	C	A	1	0.29063522004102	2	1
21	15689941	C	A	2	0.506656405436889	2	1
1	228749782	C	A	2	0.506656405436889	2	1
12	124884176	C	A	2	0.506656405436889	2	1
7	144213261	C	A	1	0.29063522004102	2	1
3	151437631	C	A	1	0.29063522004102	2	1
1	81630581	C	A	1	0.29063522004102	2	1
20	51748934	C	A	1	0.29063522004102	2	1
16	15390266	C	A	2	0.506656405436889	2	1
16	22665301	C	A	2	0.506656405436889	2	1
17	19423971	C	A	1	0.29063522004102	2	1
3	65608900	C	A	2	0.506656405436889	2	1
22	48623211	C	A	2	0.506656405436889	2	1
16	12290916	C	A	1	0.29063522004102	2	1
17	20626208	C	A	2	0.506656405436889	2	1
6	125992920	C	A	2	0.506656405436889	2	1
13	41655516	C	A	1	0.29063522004102	2	1
17	69694212	C	A	1	0.29063522004102	2	1
8	43982369	C	A	2	0.506656405436889	2	1
4	152716999	C	A	1	0.29063522004102	2	1
15	89730650	C	A	2	0.506656405436889	2	1
13	95105448	C	A	1	0.29063522004102	2	1
7	139690598	C	A	2	0.506656405436889	2	1
20	2207861	C	A	1	0.29063522004102	2	1
18	9763711	C	A	1	0.29063522004102	2	1
18	69196594	C	A	2	0.506656405436889	2	1
20	52770694	C	A	1	0.29063522004102	2	1
15	96784806	C	A	2	0.506656405436889	2	1
11	23361375	C	A	2	0.506656405436889	2	1
9	132686535	C	A	2	0.506656405436889	2	1
13	33358719	C	A	2	0.506656405436889	2	1
22	48430948	C	A	2	0.506656405436889	2	1
22	29482337	C	A	2	0.506656405436889	2	1
16	23027345	C	A	1	0.29063522004102	2	1
18	57887556	C	A	2	0.506656405436889	2	1
1	130287239	C	A	2	0.506656405436889	2	1
9	97919368	C	A	2	0.506656405436889	2	1
17	34070311	C	A	1	0.29063522004102	2	1
7	84645768	C	A	1	0.29063522004102	2	1
18	25046142	C	A	2	0.506656405436889	2	1
2	235656623	C	A	2	0.506656405436889	2	1
17	43306564	C	A	1	0.29063522004102	2	1
21	10893773	C	A	2	0.506656405436889	2	1
17	36181217	C	A	1	0.29063522004102	2	1
11	14970619	C	A	2	0.506656405436889	2	1
8	26833615	C	A	1	0.29063522004102	2	1
22	34107642	C	A	1	0.29063522004102	2	1
9	43134647	C	A	1	0.29063522004102	2	1
19	20929173	C	A	2	0.506656405436889	2	1
8	7840996	C	A	1	0.29063522004102	2	1
7	70154387	C	A	2	0.506656405436889	2	1
20	33595725	C	A	1	0.29063522004102	2	1
15	31163182	C	A	1	0.29063522004102	2	1
19	53408986	C	A	2	0.506656405436889	2	1
15	86190162	C	A	1	0.29063522004102	2	1
5	37562958	C	A	2	0.506656405436889	2	1
11	12068695	C	A	1	0.29063522004102	2	1
8	32129445	C	A	1	0.29063522004102	2	1
13	80128920	C	A	2	0.506656405436889	2	1
5	159593073	C	A	2	0.506656405436889	2	1
8	113065847	C	A	1	0.29063522004102	2	1
3	80422179	C	A	2	0.506656405436889	2	1
5	26622264	C	A	2	0.506656405436889	2	1
12	117807776	C	A	1	0.29063522004102	2	1
18	58151259	C	A	1	0.29063522004102	2	1
12	101380392	C	A	1	0.29063522004102	2	1
15	57776884	C	A	2	0.506656405436889	2	1
10	126109874	C	A	1	0.29063522004102	2	1
14	4959211	C	A	2	0.506656405436889	2	1
19	7788601	C	A	2	0.506656405436889	2	1
16	88185727	C	A	1	0.29063522004102	2	1
2	161258953	C	A	2	0.506656405436889	2	1
3	139265640	C	A	1	0.29063522004102	2	1
4	184563979	C	A	2	0.506656405436889	2	1
13	113308851	C	A	2	0.506656405436889	2	1
1	183322089	C	A	1	0.29063522004102	2	1
15	74804882	C	A	1	0.29063522004102	2	1
2	3785012	C	A	2	0.506656405436889	2	1
21	11315316	C	A	2	0.506656405436889	2	1
7	109979119	C	A	1	0.29063522004102	2	1
5	81035833	C	A	2	0.506656405436889	2	1
22	3386737	C	A	2	0.506656405436889	2	1
2	185943368	C	A	2	0.506656405436889	2	1
3	14954475	C	A	1	0.29063522004102	2	1
11	5117547	C	A	1	0.29063522004102	2	1
20	17532623	C	A	1	0.29063522004102	2	1
7	83455315	C	A	2	0.506656405436889	2	1
18	14475310	C	A	2	0.506656405436889	2	1
15	78272472	C	A	2	0.506656405436889	2	1
12	101192465	C	A	1	0.29063522004102	2	1
20	47282189	C	A	2	0.506656405436889	2	1
1	154033597	C	A	1	0.29063522004102	2	1
17	29439263	C	A	1	0.29063522004102	2	1
4	145437397	C	A	2	0.506656405436889	2	1
14	15503512	C	A	2	0.506656405436889	2	1
21	12058950	C	A	1	0.29063522004102	2	1
22	4245191	C	A	1	0.29063522004102	2	1
2	141328263	C	A	2	0.506656405436889	2	1
6	27177675	C	A	2	0.506656405436889	2	1
1	241540633	C	A	1	0.29063522004102	2	1
12	52154698	C	A	2	0.506656405436889	2	1
16	52930846	C	A	2	0.506656405436889	2	1
10	126450935	C	A	2	0.506656405436889	2	1
12	121673288	C	A	2	0.506656405436889	2	1
6	144382105	C	A	1	0.29063522004102	2	1
13	99311298	C	A	1	0.29063522004102	2	1
19	47997187	C	A	2	0.506656405436889	2	1
20	10896614	C	A	2	0.506656405436889	2	1
4	129716509	C	A	2	0.506656405436889	2	1
22	18427872	C	A	1	0.29063522004102	2	1
20	14002165	C	A	2	0.506656405436889	2	1
15	37245367	C	A	1	0.29063522004102	2	1
21	7691792	C	A	2	0.506656405436889	2	1
6	166002774	C	A	1	0.29063522004102	2	1
8	143696297	C	A	1	0.29063522004102	2	1
7	84805219	C	A	2	0.506656405436889	2	1
18	19073589	C	A	2	0.506656405436889	2	1
2	108130155	C	A	1	0.29063522004102	2	1
11	66483261	C	A	2	0.506656405436889	2	1
20	40547557	C	A	1	0.29063522004102	2	1
21	22742449	C	A	2	0.506656405436889	2	1
9	94533063	C	A	2	0.506656405436889	2	1
2	148534957	C	A	1	0.29063522004102	2	1
20	46687990	C	A	2	0.506656405436889	2	1
14	14340851	C	A	2	0.506656405436889	2	1
5	42440825	C	A	2	0.506656405436889	2	1
12	103615202	C	A	1	0.29063522004102	2	1
3	58548997	C	A	1	0.29063522004102	2	1
5	88637876	C	A	2	0.506656405436889	2	1
7	12790144	C	A	2	0.506656405436889	2	1
18	27043878	C	A	2	0.506656405436889	2	1
5	88031273	C	A	2	0.506656405436889	2	1
22	44592738	C	A	2	0.506656405436889	2	1
18	56886410	C	A	1	0.29063522004102	2	1
6	142983954	C	A	2	0.506656405436889	2	1
17	5242249	C	A	2	0.506656405436889	2	1
22	30023443	C	A	1	0.29063522004102	2	1
18	36413468	C	A	2	0.506656405436889	2	1
17	50908338	C	A	2	0.506656405436889	2	1
22	17168436	C	A	2	0.506656405436889	2	1
17	26285774	C	A	2	0.506656405436889	2	1
7	51923299	C	A	1	0.29063522004102	2	1
11	75811545	C	A	2	0.506656405436889	2	1
17	26005758	C	A	2	0.506656405436889	2	1
9	130494343	C	A	2	0.506656405436889	2	1
3	89268203	C	A	1	0.29063522004102	2	1
13	114334841	C	A	1	0.29063522004102	2	1
4	115108102	C	A	1	0.29063522004102	2	1
6	12815577	C	A	2	0.506656405436889	2	1
14	54305794	C	A	1	0.29063522004102	2	1
22	38948780	C	A	1	0.29063522004102	2	1
11	92687395	C	A	1	0.29063522004102	2	1
15	66251104	C	A	2	0.506656405436889	2	1
17	22036292	C	A	1	0.29063522004102	2	1
22	50603362	C	A	1	0.29063522004102	2	1
13	80561952	C	A	2	0.506656405436889	2	1
8	123258561	C	A	1	0.29063522004102	2	1
15	68457294	C	A	2	0.506656405436889	2	1
5	97119399	C	A	1	0.29063522004102	2	1
15	88495513	C	A	2	0.506656405436889	2	1
5	71095338	C	A	2	0.506656405436889	2	1
8	140321299	C	A	2	0.506656405436889	2	1
8	63324020	C	A	2	0.506656405436889	2	1
16	70869337	C	A	1	0.29063522004102	2	1
13	37755483	C	A	1	0.29063522004102	2	1
13	46291191	C	A	1	0.29063522004102	2	1
8	2051811	C	A	2	0.506656405436889	2	1
11	53616332	C	A	2	0.506656405436889	2	1
5	13861426	C	A	1	0.29063522004102	2	1
19	34502470	C	A	2	0.506656405436889	2	1
2	107379489	C	A	2	0.506656405436889	2	1
11	29011895	C	A	1	0.29063522004102	2	1
19	26311295	C	A	2	0.506656405436889	2	1
13	79457043	C	A	1	0.29063522004102	2	1
12	116164994	C	A	2	0.506656405436889	2	1
11	55081347	C	A	2	0.506656405436889	2	1
2	211213243	C	A	2	0.506656405436889	2	1
6	143106072	C	A	2	0.506656405436889	2	1
16	7463	C	A	2	0.506656405436889	2	1
12	71408420	C	A	1	0.29063522004102	2	1
17	46065495	C	A	1	0.29063522004102	2	1
15	24841645	C	A	2	0.506656405436889	2	1
1	159073696	C	A	2	0.506656405436889	2	1
22	41791539	C	A	2	0.506656405436889	2	1
6	45944135	C	A	2	0.506656405436889	2	1
3	145740875	C	A	1	0.29063522004102	2	1
18	15025385	C	A	2	0.506656405436889	2	1
22	756828	C	A	2	0.506656405436889	2	1
16	69283951	C	A	1	0.29063522004102	2	1
2	20787621	C	A	1	0.29063522004102	2	1
14	49101961	C	A	1	0.29063522004102	2	1
3	173494639	C	A	1	0.29063522004102	2	1
3	2610598	C	A	2	0.506656405436889	2	1
12	46582196	C	A	1	0.29063522004102	2	1
11	125703134	C	A	2	0.506656405436889	2	1
14	12364059	C	A	1	0.29063522004102	2	1
16	49514849	C	A	1	0.29063522004102	2	1
21	22181566	C	A	1	0.29063522004102	2	1
2	193861622	C	A	2	0.506656405436889	2	1
4	151573578	C	A	1	0.29063522004102	2	1
2	204922024	C	A	2	0.506656405436889	2	1
3	187289205	C	A	2	0.506656405436889	2	1
6	89071717	C	A	2	0.506656405436889	2	1
21	2817269	C	A	2	0.506656405436889	2	1
17	11139573	C	A	1	0.29063522004102	2	1
21	13121156	C	A	2	0.506656405436889	2	1
11	134161518	C	A	1	0.29063522004102	2	1
15	88130582	C	A	1	0.29063522004102	2	1
2	213191555	C	A	2	0.506656405436889	2	1
8	86530152	C	A	1	0.29063522004102	2	1
11	92858792	C	A	2	0.506656405436889	2	1
16	42994310	C	A	1	0.29063522004102	2	1
19	34758786	C	A	2	0.506656405436889	2	1
1	162160518	C	A	2	0.506656405436889	2	1
22	413354	C	A	1	0.29063522004102	2	1
10	1864144	C	A	1	0.29063522004102	2	1
7	98500378	C	A	1	0.29063522004102	2	1
21	17559141	C	A	1	0.29063522004102	2	1
12	112468889	C	A	1	0.29063522004102	2	1
19	26304308	C	A	2	0.506656405436889	2	1
2	201523842	C	A	1	0.29063522004102	2	1
4	68854193	C	A	1	0.29063522004102	2	1
2	92174090	C	A	1	0.29063522004102	2	1
19	699418	C	A	1	0.29063522004102	2	1
11	2767396	C	A	2	0.506656405436889	2	1
16	697097	C	A	2	0.506656405436889	2	1
19	22236824	C	A	1	0.29063522004102	2	1
8	7511472	C	A	1	0.29063522004102	2	1
5	41163851	C	A	1	0.29063522004102	2	1
3	186013991	C	A	2	0.506656405436889	2	1
10	10601813	C	A	1	0.29063522004102	2	1
21	15521180	C	A	2	0.506656405436889	2	1
5	81627281	C	A	1	0.29063522004102	2	1
9	110605029	C	A	1	0.29063522004102	2	1
6	91448976	C	A	1	0.29063522004102	2	1
3	90252364	C	A	2	0.506656405436889	2	1
22	7245284	C	A	1	0.29063522004102	2	1
3	100197493	C	A	1	0.29063522004102	2	1
15	86114865	C	A	2	0.506656405436889	2	1
2	117922039	C	A	1	0.29063522004102	2	1
16	13969121	C	A	2	0.506656405436889	2	1
21	908035	C	A	2	0.506656405436889	2	1
2	67670450	C	A	1	0.29063522004102	2	1
18	72790727	C	A	2	0.506656405436889	2	1
18	72790487	C	A	2	0.506656405436889	2	1
13	37082420	C	A	1	0.29063522004102	2	1
9	128535525	C	A	2	0.506656405436889	2	1
3	18277989	C	A	2	0.506656405436889	2	1
4	127644506	C	A	1	0.29063522004102	2	1
14	20997359	C	A	1	0.29063522004102	2	1
4	59568447	C	A	2	0.506656405436889	2	1
17	28627601	C	A	2	0.506656405436889	2	1
2	74702556	C	A	1	0.29063522004102	2	1
10	133456860	C	A	2	0.506656405436889	2	1
17	19918135	C	A	1	0.29063522004102	2	1
22	6157552	C	A	2	0.506656405436889	2	1
10	96730756	C	A	2	0.506656405436889	2	1
7	112646577	C	A	2	0.506656405436889	2	1
18	10478637	C	A	2	0.506656405436889	2	1
16	33399403	C	A	1	0.29063522004102	2	1
21	23390866	C	A	1	0.29063522004102	2	1
10	97189502	C	A	2	0.506656405436889	2	1
2	9295498	C	A	2	0.506656405436889	2	1
21	10207077	C	A	1	0.29063522004102	2	1
4	149107529	C	A	2	0.506656405436889	2	1
8	36595310	C	A	2	0.506656405436889	2	1
7	6735512	C	A	1	0.29063522004102	2	1
11	92174506	C	A	2	0.506656405436889	2	1
22	18839397	C	A	2	0.506656405436889	2	1
9	21042064	C	A	2	0.506656405436889	2	1
2	123246664	C	A	1	0.29063522004102	2	1
14	106150918	C	A	2	0.506656405436889	2	1
2	185855781	C	A	2	0.506656405436889	2	1
11	17165725	C	A	1	0.29063522004102	2	1
10	82389568	C	A	2	0.506656405436889	2	1
1	87211091	C	A	2	0.506656405436889	2	1
7	41327655	C	A	2	0.506656405436889	2	1
3	27040806	C	A	2	0.506656405436889	2	1
6	37567498	C	A	1	0.29063522004102	2	1
21	23212306	C	A	1	0.29063522004102	2	1
15	100574	C	A	2	0.506656405436889	2	1
10	91446401	C	A	1	0.29063522004102	2	1
3	81970670	C	A	2	0.506656405436889	2	1
4	134351049	C	A	1	0.29063522004102	2	1
1	213335499	C	A	2	0.506656405436889	2	1
13	62892464	C	A	1	0.29063522004102	2	1
14	41312403	C	A	2	0.506656405436889	2	1
3	29150077	C	A	2	0.506656405436889	2	1
1	94477102	C	A	1	0.29063522004102	2	1
1	91791133	C	A	1	0.29063522004102	2	1
18	41952260	C	A	2	0.506656405436889	2	1
2	181869623	C	A	2	0.506656405436889	2	1
11	33236871	C	A	2	0.506656405436889	2	1
2	161066006	C	A	1	0.29063522004102	2	1
5	21564784	C	A	2	0.506656405436889	2	1
11	7863727	C	A	2	0.506656405436889	2	1
15	58829893	C	A	1	0.29063522004102	2	1
13	98320167	C	A	1	0.29063522004102	2	1
4	183452781	C	A	2	0.506656405436889	2	1
22	21576572	C	A	2	0.506656405436889	2	1
3	99445573	C	A	1	0.29063522004102	2	1
14	86502196	C	A	1	0.29063522004102	2	1
22	18954888	C	A	2	0.506656405436889	2	1
6	119440826	C	A	2	0.506656405436889	2	1
13	68639251	C	A	1	0.29063522004102	2	1
22	35501365	C	A	2	0.506656405436889	2	1
13	46761452	C	A	2	0.506656405436889	2	1
12	133663474	C	A	1	0.29063522004102	2	1
1	101565997	C	A	2	0.506656405436889	2	1
19	34295128	C	A	2	0.506656405436889	2	1
12	58143874	C	A	2	0.506656405436889	2	1
12	14154098	C	A	2	0.506656405436889	2	1
3	54417908	C	A	1	0.29063522004102	2	1
1	96819414	C	A	1	0.29063522004102	2	1
6	108472854	C	A	2	0.506656405436889	2	1
17	38596576	C	A	2	0.506656405436889	2	1
12	26510763	C	A	1	0.29063522004102	2	1
6	73676446	C	A	2	0.506656405436889	2	1
21	23043107	C	A	2	0.506656405436889	2	1
22	20164481	C	A	1	0.29063522004102	2	1
2	96933407	C	A	1	0.29063522004102	2	1
16	44185476	C	A	1	0.29063522004102	2	1
17	4473987	C	A	2	0.506656405436889	2	1
19	41940962	C	A	2	0.506656405436889	2	1
9	126100503	C	A	1	0.29063522004102	2	1
13	71391296	C	A	2	0.506656405436889	2	1
21	45508344	C	A	2	0.506656405436889	2	1
16	20765856	C	A	2	0.506656405436889	2	1
11	127853728	C	A	1	0.29063522004102	2	1
20	60588205	C	A	2	0.506656405436889	2	1
11	1565689	C	A	1	0.29063522004102	2	1
1	29025513	C	A	2	0.506656405436889	2	1
5	84739155	C	A	1	0.29063522004102	2	1
5	33933616	C	A	2	0.506656405436889	2	1
1	202540623	C	A	2	0.506656405436889	2	1
20	58521820	C	A	1	0.29063522004102	2	1
1	39287968	C	A	1	0.29063522004102	2	1
2	136362923	C	A	2	0.506656405436889	2	1
10	17264877	C	A	1	0.29063522004102	2	1
3	15261397	C	A	2	0.506656405436889	2	1
6	96881343	C	A	2	0.506656405436889	2	1
21	10044235	C	A	2	0.506656405436889	2	1
9	104196432	C	A	2	0.506656405436889	2	1
21	45436740	C	A	1	0.29063522004102	2	1
8	15445457	C	A	1	0.29063522004102	2	1
6	100910623	C	A	1	0.29063522004102	2	1
20	62145194	C	A	2	0.506656405436889	2	1
6	111983745	C	A	1	0.29063522004102	2	1
17	65806702	C	A	1	0.29063522004102	2	1
20	35087755	C	A	2	0.506656405436889	2	1
21	17368936	C	A	2	0.506656405436889	2	1
17	44508921	C	A	2	0.506656405436889	2	1
13	67909400	C	A	1	0.29063522004102	2	1
10	104555411	C	A	2	0.506656405436889	2	1
19	9848788	C	A	2	0.506656405436889	2	1
3	104590055	C	A	2	0.506656405436889	2	1
18	65552662	C	A	2	0.506656405436889	2	1
22	28225338	C	A	2	0.506656405436889	2	1
6	151047167	C	A	1	0.29063522004102	2	1
3	86873225	C	A	2	0.506656405436889	2	1
2	86267811	C	A	2	0.506656405436889	2	1
3	94780908	C	A	2	0.506656405436889	2	1
9	115219961	C	A	2	0.506656405436889	2	1
10	43117608	C	A	2	0.506656405436889	2	1
14	59834311	C	A	2	0.506656405436889	2	1
11	2629329	C	A	2	0.506656405436889	2	1
20	42342664	C	A	2	0.506656405436889	2	1
10	120804915	C	A	1	0.29063522004102	2	1
5	148098560	C	A	2	0.506656405436889	2	1
17	66231878	C	A	2	0.506656405436889	2	1
1	92930194	C	A	2	0.506656405436889	2	1
2	220746992	C	A	2	0.506656405436889	2	1
13	104141737	C	A	2	0.506656405436889	2	1
17	58489187	C	A	2	0.506656405436889	2	1
16	86451071	C	A	3	1	2	1
21	34641877	C	A	2	0.506656405436889	2	1
18	51872491	C	A	2	0.506656405436889	2	1
2	26208007	C	A	2	0.506656405436889	2	1
4	108934815	C	A	2	0.506656405436889	2	1
20	39471192	C	A	2	0.506656405436889	2	1
8	86706454	C	A	2	0.506656405436889	2	1
18	57475123	C	A	2	0.506656405436889	2	1
21	21930912	C	A	2	0.506656405436889	2	1
16	3807506	C	A	2	0.506656405436889	2	1
12	84678697	C	A	1	0.29063522004102	2	1
3	54844048	C	A	2	0.506656405436889	2	1
3	68513980	C	A	2	0.506656405436889	2	1
1	191248694	C	A	2	0.506656405436889	2	1
5	120772581	C	A	3	1	2	1
7	140174473	C	A	2	0.506656405436889	2	1
5	144926721	C	A	2	0.506656405436889	2	1
10	17476466	C	A	2	0.506656405436889	2	1
6	49478601	C	A	2	0.506656405436889	2	1
12	32378756	C	A	2	0.506656405436889	2	1
3	175895093	C	A	2	0.506656405436889	2	1
14	19389083	C	A	2	0.506656405436889	2	1
3	31795162	C	A	2	0.506656405436889	2	1
8	108099539	C	A	2	0.506656405436889	2	1
9	104362279	C	A	2	0.506656405436889	2	1
10	22865356	C	A	2	0.506656405436889	2	1
19	33419652	C	A	2	0.506656405436889	2	1
20	14571608	C	A	2	0.506656405436889	2	1
20	13788769	C	A	2	0.506656405436889	2	1
13	55122175	C	A	2	0.506656405436889	2	1
20	37282523	C	A	2	0.506656405436889	2	1
10	126960864	C	A	1	0.29063522004102	2	1
14	94862693	C	A	2	0.506656405436889	2	1
8	118831285	C	A	2	0.506656405436889	2	1
3	144052688	C	A	2	0.506656405436889	2	1
5	155020570	C	A	2	0.506656405436889	2	1
13	9921448	C	A	2	0.506656405436889	2	1
7	156715899	C	A	2	0.506656405436889	2	1
8	136015227	C	A	2	0.506656405436889	2	1
14	99826189	C	A	1	0.29063522004102	2	1
15	86739949	C	A	1	0.29063522004102	2	1
12	27496106	C	A	2	0.506656405436889	2	1
14	14319847	C	A	3	1	2	1
9	108373668	C	A	2	0.506656405436889	2	1
11	100698943	C	A	2	0.506656405436889	2	1
21	41021729	C	A	2	0.506656405436889	2	1
14	62215555	C	A	2	0.506656405436889	2	1
12	89244162	C	A	2	0.506656405436889	2	1
19	52062750	C	A	2	0.506656405436889	2	1
3	73944299	C	A	2	0.506656405436889	2	1
9	30231205	C	A	2	0.506656405436889	2	1
22	34459064	C	A	2	0.506656405436889	2	1
12	10588329	C	A	2	0.506656405436889	2	1
5	1919814	C	A	2	0.506656405436889	2	1
11	89818691	C	A	2	0.506656405436889	2	1
18	17198848	C	A	2	0.506656405436889	2	1
16	32370586	C	A	2	0.506656405436889	2	1
17	4677121	C	A	2	0.506656405436889	2	1
15	81337831	C	A	2	0.506656405436889	2	1
5	129842572	C	A	2	0.506656405436889	2	1
17	53593553	C	A	2	0.506656405436889	2	1
14	70030910	C	A	2	0.506656405436889	2	1
11	108049556	C	A	2	0.506656405436889	2	1
2	38645920	C	A	2	0.506656405436889	2	1
9	8571120	C	A	2	0.506656405436889	2	1
10	47812931	C	A	2	0.506656405436889	2	1
4	43892730	C	A	2	0.506656405436889	2	1
6	116859370	C	A	2	0.506656405436889	2	1
10	62508406	C	A	2	0.506656405436889	2	1
21	39813573	C	A	2	0.506656405436889	2	1
10	1444069	C	A	2	0.506656405436889	2	1
1	28722093	C	A	3	1	2	1
13	110063896	C	A	2	0.506656405436889	2	1
9	105956851	C	A	2	0.506656405436889	2	1
13	16418662	C	A	2	0.506656405436889	2	1
4	42080618	C	A	2	0.506656405436889	2	1
9	13935510	C	A	2	0.506656405436889	2	1
5	21324221	C	A	2	0.506656405436889	2	1
15	2201492	C	A	2	0.506656405436889	2	1
17	51510481	C	A	2	0.506656405436889	2	1
3	128868571	C	A	2	0.506656405436889	2	1
20	29907910	C	A	2	0.506656405436889	2	1
14	10896531	C	A	2	0.506656405436889	2	1
6	51652205	C	A	2	0.506656405436889	2	1
6	4151690	C	A	2	0.506656405436889	2	1
8	84508851	C	A	2	0.506656405436889	2	1
4	153828613	C	A	2	0.506656405436889	2	1
8	142494396	C	A	2	0.506656405436889	2	1
17	5491116	C	A	2	0.506656405436889	2	1
10	81359756	C	A	2	0.506656405436889	2	1
2	87622433	C	A	1	0.29063522004102	2	1
15	22572939	C	A	2	0.506656405436889	2	1
5	108513318	C	A	2	0.506656405436889	2	1
8	112836011	C	A	2	0.506656405436889	2	1
20	5181464	C	A	2	0.506656405436889	2	1
3	71080756	C	A	1	0.29063522004102	2	1
18	22546683	C	A	2	0.506656405436889	2	1
7	146053508	C	A	2	0.506656405436889	2	1
1	80255879	C	A	2	0.506656405436889	2	1
11	15981248	C	A	1	0.29063522004102	2	1
13	44576053	C	A	1	0.29063522004102	2	1
6	48805428	C	A	2	0.506656405436889	2	1
3	94306850	C	A	3	1	2	1
6	45546266	C	A	2	0.506656405436889	2	1
18	27531902	C	A	1	0.29063522004102	2	1
17	17022923	C	A	2	0.506656405436889	2	1
14	78874868	C	A	2	0.506656405436889	2	1
13	20449628	C	A	2	0.506656405436889	2	1
19	51824800	C	A	3	1	2	1
13	2197917	C	A	1	0.29063522004102	2	1
13	16215721	C	A	2	0.506656405436889	2	1
8	143085497	C	A	2	0.506656405436889	2	1
5	78537598	C	A	2	0.506656405436889	2	1
10	78529218	C	A	2	0.506656405436889	2	1
19	5738904	C	A	2	0.506656405436889	2	1
3	162363450	C	A	2	0.506656405436889	2	1
19	11216476	C	A	2	0.506656405436889	2	1
15	20517569	C	A	2	0.506656405436889	2	1
14	105179352	C	A	2	0.506656405436889	2	1
21	7067087	C	A	2	0.506656405436889	2	1
16	24236120	C	A	1	0.29063522004102	2	1
17	26058513	C	A	2	0.506656405436889	2	1
18	35053766	C	A	2	0.506656405436889	2	1
6	76252186	C	A	2	0.506656405436889	2	1
19	31546420	C	A	2	0.506656405436889	2	1
8	86392964	C	A	1	0.29063522004102	2	1
9	35526980	C	A	2	0.506656405436889	2	1
17	54043378	C	A	2	0.506656405436889	2	1
8	2493389	C	A	2	0.506656405436889	2	1
13	88646213	C	A	2	0.506656405436889	2	1
18	74906676	C	A	2	0.506656405436889	2	1
16	64643792	C	A	2	0.506656405436889	2	1
20	45403749	C	A	2	0.506656405436889	2	1
9	65986387	C	A	1	0.29063522004102	2	1
20	32236052	C	A	2	0.506656405436889	2	1
3	1942540	C	A	2	0.506656405436889	2	1
9	80683420	C	A	2	0.506656405436889	2	1
4	38162792	C	A	2	0.506656405436889	2	1
9	98346790	C	A	2	0.506656405436889	2	1
3	137110778	C	A	2	0.506656405436889	2	1
4	75277822	C	A	2	0.506656405436889	2	1
13	9081310	C	A	2	0.506656405436889	2	1
4	18047489	C	A	2	0.506656405436889	2	1
22	25426210	C	A	2	0.506656405436889	2	1
5	106226721	C	A	2	0.506656405436889	2	1
3	21416273	C	A	1	0.29063522004102	2	1
9	10726612	C	A	2	0.506656405436889	2	1
14	44700941	C	A	2	0.506656405436889	2	1
22	30931082	C	A	1	0.29063522004102	2	1
20	42124324	C	A	2	0.506656405436889	2	1
6	117166137	C	A	2	0.506656405436889	2	1
9	58070403	C	A	2	0.506656405436889	2	1
11	31930597	C	A	2	0.506656405436889	2	1
14	74931296	C	A	2	0.506656405436889	2	1
19	18796125	C	A	2	0.506656405436889	2	1
3	196880695	C	A	2	0.506656405436889	2	1
22	39893906	C	A	2	0.506656405436889	2	1
21	310771	C	A	2	0.506656405436889	2	1
14	101866330	C	A	2	0.506656405436889	2	1
18	36734819	C	A	2	0.506656405436889	2	1
22	42819553	C	A	2	0.506656405436889	2	1
8	221350	C	A	1	0.29063522004102	2	1
19	59099157	C	A	2	0.506656405436889	2	1
14	19882432	C	A	2	0.506656405436889	2	1
1	52682259	C	A	2	0.506656405436889	2	1
8	132015156	C	A	2	0.506656405436889	2	1
17	79511031	C	A	2	0.506656405436889	2	1
16	75065656	C	A	2	0.506656405436889	2	1
17	47955956	C	A	2	0.506656405436889	2	1
5	145274751	C	A	2	0.506656405436889	2	1
11	83327212	C	A	2	0.506656405436889	2	1
8	13425786	C	A	1	0.29063522004102	2	1
1	70683002	C	A	2	0.506656405436889	2	1
17	32887415	C	A	2	0.506656405436889	2	1
11	120920908	C	A	2	0.506656405436889	2	1
20	20854962	C	A	2	0.506656405436889	2	1
10	73466522	C	A	2	0.506656405436889	2	1
8	90833545	C	A	2	0.506656405436889	2	1
14	74746594	C	A	2	0.506656405436889	2	1
19	5780273	C	A	2	0.506656405436889	2	1
8	6763081	C	A	2	0.506656405436889	2	1
20	38311455	C	A	2	0.506656405436889	2	1
18	62083243	C	A	2	0.506656405436889	2	1
17	52875510	C	A	2	0.506656405436889	2	1
12	18689736	C	A	3	1	2	1
16	60810305	C	A	2	0.506656405436889	2	1
15	66827096	C	A	1	0.29063522004102	2	1
10	100187598	C	A	2	0.506656405436889	2	1
13	58877022	C	A	2	0.506656405436889	2	1
21	42857167	C	A	2	0.506656405436889	2	1
11	126339509	C	A	2	0.506656405436889	2	1
16	57624934	C	A	2	0.506656405436889	2	1
3	2934974	C	A	2	0.506656405436889	2	1
21	43539504	C	A	2	0.506656405436889	2	1
2	231807271	C	A	2	0.506656405436889	2	1
7	151492369	C	A	2	0.506656405436889	2	1
8	71264341	C	A	2	0.506656405436889	2	1
9	2312605	C	A	2	0.506656405436889	2	1
9	11441688	C	A	2	0.506656405436889	2	1
2	55111272	C	A	1	0.29063522004102	2	1
13	1975252	C	A	1	0.29063522004102	2	1
18	16350006	C	A	2	0.506656405436889	2	1
6	30487313	C	A	2	0.506656405436889	2	1
3	34300746	C	A	1	0.29063522004102	2	1
7	148372503	C	A	2	0.506656405436889	2	1
7	134071631	C	A	2	0.506656405436889	2	1
22	37380151	C	A	2	0.506656405436889	2	1
16	76533083	C	A	2	0.506656405436889	2	1
10	14718318	C	A	2	0.506656405436889	2	1
8	106402821	C	A	2	0.506656405436889	2	1
10	113160457	C	A	2	0.506656405436889	2	1
6	129983137	C	A	2	0.506656405436889	2	1
2	145788657	C	A	2	0.506656405436889	2	1
13	49213435	C	A	1	0.29063522004102	2	1
6	86305224	C	A	2	0.506656405436889	2	1
4	75862445	C	A	2	0.506656405436889	2	1
12	99520745	C	A	2	0.506656405436889	2	1
9	116879537	C	A	2	0.506656405436889	2	1
6	144937643	C	A	1	0.29063522004102	2	1
21	22643086	C	A	2	0.506656405436889	2	1
5	93762601	C	A	1	0.29063522004102	2	1
6	162206208	C	A	2	0.506656405436889	2	1
11	22693272	C	A	2	0.506656405436889	2	1
4	166022643	C	A	2	0.506656405436889	2	1
3	120670073	C	A	2	0.506656405436889	2	1
14	73024201	C	A	2	0.506656405436889	2	1
7	143034825	C	A	2	0.506656405436889	2	1
17	6687577	C	A	2	0.506656405436889	2	1
17	32965087	C	A	2	0.506656405436889	2	1
2	119378991	C	A	2	0.506656405436889	2	1
15	12497006	C	A	2	0.506656405436889	2	1
15	38858082	C	A	2	0.506656405436889	2	1
9	107375115	C	A	1	0.29063522004102	2	1
15	95190127	C	A	2	0.506656405436889	2	1
14	100507910	C	A	2	0.506656405436889	2	1
2	218065267	C	A	2	0.506656405436889	2	1
15	75746691	C	A	2	0.506656405436889	2	1
9	58161326	C	A	2	0.506656405436889	2	1
6	39654735	C	A	1	0.29063522004102	2	1
18	16318037	C	A	2	0.506656405436889	2	1
6	113181514	C	A	2	0.506656405436889	2	1
7	110090657	C	A	2	0.506656405436889	2	1
4	182023983	C	A	2	0.506656405436889	2	1
1	25298218	C	A	2	0.506656405436889	2	1
5	140870483	C	A	2	0.506656405436889	2	1
21	16602145	C	A	2	0.506656405436889	2	1
21	22368509	C	A	2	0.506656405436889	2	1
19	20209028	C	A	2	0.506656405436889	2	1
12	55778589	C	A	2	0.506656405436889	2	1
3	54281484	C	A	2	0.506656405436889	2	1
20	53095020	C	A	1	0.29063522004102	2	1
8	119055180	C	A	2	0.506656405436889	2	1
14	628314	C	A	2	0.506656405436889	2	1
11	117959104	C	A	2	0.506656405436889	2	1
3	115503057	C	A	2	0.506656405436889	2	1
13	8951932	C	A	2	0.506656405436889	2	1
22	3146394	C	A	2	0.506656405436889	2	1
16	40429776	C	A	2	0.506656405436889	2	1
16	40370511	C	A	1	0.29063522004102	2	1
19	13523328	C	A	2	0.506656405436889	2	1
2	235408343	C	A	1	0.29063522004102	2	1
20	273145	C	A	2	0.506656405436889	2	1
12	33114230	C	A	2	0.506656405436889	2	1
18	68174570	C	A	2	0.506656405436889	2	1
16	82686757	C	A	2	0.506656405436889	2	1
21	14835232	C	A	2	0.506656405436889	2	1
6	12841869	C	A	2	0.506656405436889	2	1
3	132039192	C	A	2	0.506656405436889	2	1
12	121792007	C	A	2	0.506656405436889	2	1
12	23622147	C	A	2	0.506656405436889	2	1
5	73938612	C	A	2	0.506656405436889	2	1
9	135429664	C	A	2	0.506656405436889	2	1
8	79162479	C	A	1	0.29063522004102	2	1
8	19600099	C	A	2	0.506656405436889	2	1
16	89008480	C	A	2	0.506656405436889	2	1
5	21338299	C	A	2	0.506656405436889	2	1
1	173889551	C	A	2	0.506656405436889	2	1
14	76453971	C	A	2	0.506656405436889	2	1
1	212498098	C	A	2	0.506656405436889	2	1
13	77877974	C	A	2	0.506656405436889	2	1
7	11475225	C	A	2	0.506656405436889	2	1
7	109308666	C	A	2	0.506656405436889	2	1
1	189230399	C	A	1	0.29063522004102	2	1
21	24230393	C	A	2	0.506656405436889	2	1
15	41214592	C	A	2	0.506656405436889	2	1
21	42047817	C	A	2	0.506656405436889	2	1
16	36441905	C	A	2	0.506656405436889	2	1
13	48254730	C	A	2	0.506656405436889	2	1
1	217266590	C	A	3	1	2	1
9	114848991	C	A	2	0.506656405436889	2	1
5	6644456	C	A	2	0.506656405436889	2	1
3	126814457	C	A	3	1	2	1
22	3232062	C	A	2	0.506656405436889	2	1
14	30901043	C	A	1	0.29063522004102	2	1
5	50666175	C	A	2	0.506656405436889	2	1
19	18414545	C	A	2	0.506656405436889	2	1
22	12317390	C	A	2	0.506656405436889	2	1
6	101589973	C	A	1	0.29063522004102	2	1
22	49980676	C	A	2	0.506656405436889	2	1
4	73873922	C	A	1	0.29063522004102	2	1
7	112640190	C	A	2	0.506656405436889	2	1
15	67541032	C	A	2	0.506656405436889	2	1
21	36190828	C	A	2	0.506656405436889	2	1
14	104093807	C	A	2	0.506656405436889	2	1
4	26637058	C	A	1	0.29063522004102	2	1
2	29418687	C	A	2	0.506656405436889	2	1
16	1957330	C	A	1	0.29063522004102	2	1
9	41907146	C	A	2	0.506656405436889	2	1
11	9374212	C	A	2	0.506656405436889	2	1
15	30620794	C	A	2	0.506656405436889	2	1
6	2237142	C	A	2	0.506656405436889	2	1
17	51220896	C	A	2	0.506656405436889	2	1
12	69745336	C	A	2	0.506656405436889	2	1
8	76923825	C	A	2	0.506656405436889	2	1
13	40741803	C	A	2	0.506656405436889	2	1
7	121538956	C	A	2	0.506656405436889	2	1
11	33501554	C	A	2	0.506656405436889	2	1
21	29006713	C	A	2	0.506656405436889	2	1
3	166747185	C	A	2	0.506656405436889	2	1
18	1772045	C	A	2	0.506656405436889	2	1
2	12550445	C	A	2	0.506656405436889	2	1
17	79006647	C	A	1	0.29063522004102	2	1
5	86245412	C	A	2	0.506656405436889	2	1
5	82901114	C	A	2	0.506656405436889	2	1
11	89265356	C	A	1	0.29063522004102	2	1
20	18624439	C	A	1	0.29063522004102	2	1
3	2570454	C	A	2	0.506656405436889	2	1
17	74395833	C	A	2	0.506656405436889	2	1
19	20872756	C	A	2	0.506656405436889	2	1
18	63101654	C	A	2	0.506656405436889	2	1
14	54136810	C	A	2	0.506656405436889	2	1
12	63946704	C	A	2	0.506656405436889	2	1
15	5171380	C	A	2	0.506656405436889	2	1
5	33831521	C	A	2	0.506656405436889	2	1
13	90351795	C	A	2	0.506656405436889	2	1
19	18174817	C	A	2	0.506656405436889	2	1
15	7278275	C	A	2	0.506656405436889	2	1
4	23796652	C	A	1	0.29063522004102	2	1
16	31385093	C	A	2	0.506656405436889	2	1
14	88252444	C	A	2	0.506656405436889	2	1
13	68121285	C	A	2	0.506656405436889	2	1
5	43357099	C	A	2	0.506656405436889	2	1
16	3294155	C	A	2	0.506656405436889	2	1
16	84047916	C	A	2	0.506656405436889	2	1
7	67544477	C	A	2	0.506656405436889	2	1
5	119785344	C	A	2	0.506656405436889	2	1
6	118349710	C	A	2	0.506656405436889	2	1
10	133965883	C	A	2	0.506656405436889	2	1
21	27204666	C	A	1	0.29063522004102	2	1
3	3809398	C	A	2	0.506656405436889	2	1
14	71991775	C	A	2	0.506656405436889	2	1
8	144635500	C	A	1	0.29063522004102	2	1
13	18198970	C	A	2	0.506656405436889	2	1
6	787848	C	A	2	0.506656405436889	2	1
17	13821366	C	A	2	0.506656405436889	2	1
15	85562069	C	A	2	0.506656405436889	2	1
13	24622704	C	A	2	0.506656405436889	2	1
10	2311879	C	A	1	0.29063522004102	2	1
10	75471531	C	A	2	0.506656405436889	2	1
15	43582417	C	A	2	0.506656405436889	2	1
7	26928685	C	A	1	0.29063522004102	2	1
7	50241682	C	A	2	0.506656405436889	2	1
1	54168544	C	A	2	0.506656405436889	2	1
15	1504106	C	A	2	0.506656405436889	2	1
4	109128721	C	A	2	0.506656405436889	2	1
12	37562621	C	A	2	0.506656405436889	2	1
20	20044222	C	A	2	0.506656405436889	2	1
13	17294192	C	A	2	0.506656405436889	2	1
13	92407998	C	A	2	0.506656405436889	2	1
6	89475118	C	A	2	0.506656405436889	2	1
21	38529319	C	A	2	0.506656405436889	2	1
19	17041618	C	A	2	0.506656405436889	2	1
21	46485857	C	A	2	0.506656405436889	2	1
13	19572273	C	A	2	0.506656405436889	2	1
20	31888769	C	A	2	0.506656405436889	2	1
16	64466218	C	A	2	0.506656405436889	2	1
10	73741766	C	A	2	0.506656405436889	2	1
4	142123575	C	A	2	0.506656405436889	2	1
14	94488774	C	A	2	0.506656405436889	2	1
15	37801273	C	A	2	0.506656405436889	2	1
1	7360253	C	A	2	0.506656405436889	2	1
13	109181686	C	A	2	0.506656405436889	2	1
11	90122701	C	A	2	0.506656405436889	2	1
16	33675923	C	A	1	0.29063522004102	2	1
1	66907422	C	A	2	0.506656405436889	2	1
22	31431019	C	A	2	0.506656405436889	2	1
4	59067669	C	A	2	0.506656405436889	2	1
8	119300628	C	A	2	0.506656405436889	2	1
18	68084505	C	A	2	0.506656405436889	2	1
11	36492832	C	A	2	0.506656405436889	2	1
14	80927288	C	A	2	0.506656405436889	2	1
1	243734519	C	A	2	0.506656405436889	2	1
14	11082567	C	A	2	0.506656405436889	2	1
3	8348448	C	A	2	0.506656405436889	2	1
8	143973835	C	A	2	0.506656405436889	2	1
13	12135261	C	A	2	0.506656405436889	2	1
3	13277579	C	A	2	0.506656405436889	2	1
11	124625717	C	A	2	0.506656405436889	2	1
1	152861275	C	A	1	0.29063522004102	2	1
4	51502977	C	A	2	0.506656405436889	2	1
13	90198018	C	A	2	0.506656405436889	2	1
8	64728079	C	A	2	0.506656405436889	2	1
15	89486963	C	A	2	0.506656405436889	2	1
4	27558971	C	A	1	0.29063522004102	2	1
8	78156847	C	A	2	0.506656405436889	2	1
6	78771753	C	A	2	0.506656405436889	2	1
19	29183124	C	A	1	0.29063522004102	2	1
12	113327748	C	A	2	0.506656405436889	2	1
18	35250751	C	A	2	0.506656405436889	2	1
9	50941276	C	A	2	0.506656405436889	2	1
19	39482644	C	A	2	0.506656405436889	2	1
6	86413359	C	A	2	0.506656405436889	2	1
3	154781545	C	A	1	0.29063522004102	2	1
1	56016216	C	A	2	0.506656405436889	2	1
13	19435363	C	A	2	0.506656405436889	2	1
21	18958779	C	A	1	0.29063522004102	2	1
7	79557471	C	A	2	0.506656405436889	2	1
11	23056893	C	A	2	0.506656405436889	2	1
9	100291273	C	A	2	0.506656405436889	2	1
7	118931000	C	A	1	0.29063522004102	2	1
20	18768299	C	A	1	0.29063522004102	2	1
13	11624674	C	A	2	0.506656405436889	2	1
3	83731950	C	A	2	0.506656405436889	2	1
13	18497693	C	A	2	0.506656405436889	2	1
5	150378222	C	A	1	0.29063522004102	2	1
2	209506576	C	A	2	0.506656405436889	2	1
15	12963205	C	A	2	0.506656405436889	2	1
10	68429166	C	A	2	0.506656405436889	2	1
22	28311218	C	A	2	0.506656405436889	2	1
1	99267656	C	A	2	0.506656405436889	2	1
1	62491041	C	A	2	0.506656405436889	2	1
21	33214834	C	A	2	0.506656405436889	2	1
16	54594166	C	A	2	0.506656405436889	2	1
6	100280231	C	A	2	0.506656405436889	2	1
18	41474375	C	A	2	0.506656405436889	2	1
15	76649125	C	A	2	0.506656405436889	2	1
5	10337433	C	A	2	0.506656405436889	2	1
16	17270151	C	A	2	0.506656405436889	2	1
12	63836985	C	A	2	0.506656405436889	2	1
8	1436580	C	A	2	0.506656405436889	2	1
8	27239406	C	A	2	0.506656405436889	2	1
9	85452977	C	A	2	0.506656405436889	2	1
6	144202344	C	A	1	0.29063522004102	2	1
12	91325004	C	A	2	0.506656405436889	2	1
11	51694238	C	A	2	0.506656405436889	2	1
11	38217278	C	A	2	0.506656405436889	2	1
9	30813437	C	A	2	0.506656405436889	2	1
22	9414492	C	A	1	0.29063522004102	2	1
1	46321158	C	A	2	0.506656405436889	2	1
20	22666686	C	A	2	0.506656405436889	2	1
8	67337980	C	A	2	0.506656405436889	2	1
4	145925614	C	A	2	0.506656405436889	2	1
15	63660667	C	A	2	0.506656405436889	2	1
3	186262377	C	A	2	0.506656405436889	2	1
19	23658027	C	A	2	0.506656405436889	2	1
5	134110431	C	A	2	0.506656405436889	2	1
19	4038980	C	A	2	0.506656405436889	2	1
8	132567895	C	A	3	1	2	1
17	62479987	C	A	2	0.506656405436889	2	1
16	52840886	C	A	3	1	2	1
20	5748556	C	A	2	0.506656405436889	2	1
2	242807847	C	A	3	1	2	1
16	74485178	C	A	2	0.506656405436889	2	1
21	31396245	C	A	2	0.506656405436889	2	1
19	49894626	C	A	2	0.506656405436889	2	1
1	178215587	C	A	2	0.506656405436889	2	1
11	35044983	C	A	2	0.506656405436889	2	1
21	5026832	C	A	2	0.506656405436889	2	1
22	38352611	C	A	2	0.506656405436889	2	1
8	118070606	C	A	2	0.506656405436889	2	1
4	136287107	C	A	1	0.29063522004102	2	1
13	87039557	C	A	2	0.506656405436889	2	1
14	96177808	C	A	2	0.506656405436889	2	1
21	42509530	C	A	2	0.506656405436889	2	1
2	25735959	C	A	2	0.506656405436889	2	1
17	25805620	C	A	2	0.506656405436889	2	1
15	4468547	C	A	2	0.506656405436889	2	1
6	113172189	C	A	2	0.506656405436889	2	1
6	28263100	C	A	1	0.29063522004102	2	1
13	67251320	C	A	2	0.506656405436889	2	1
8	73422951	C	A	2	0.506656405436889	2	1
9	130099442	C	A	2	0.506656405436889	2	1
12	76999100	C	A	1	0.29063522004102	2	1
18	8743361	C	A	1	0.29063522004102	2	1
18	69660912	C	A	2	0.506656405436889	2	1
21	44737477	C	A	2	0.506656405436889	2	1
1	244062934	C	A	2	0.506656405436889	2	1
3	150864579	C	A	2	0.506656405436889	2	1
10	65282070	C	A	2	0.506656405436889	2	1
4	127190979	C	A	1	0.29063522004102	2	1
2	20665662	C	A	2	0.506656405436889	2	1
10	125587573	C	A	2	0.506656405436889	2	1
21	6530596	C	A	2	0.506656405436889	2	1
10	127590501	C	A	2	0.506656405436889	2	1
8	76553468	C	A	2	0.506656405436889	2	1
8	134207497	C	A	2	0.506656405436889	2	1
4	19944277	C	A	2	0.506656405436889	2	1
6	57446967	C	A	2	0.506656405436889	2	1
5	16921638	C	A	2	0.506656405436889	2	1
17	72524198	C	A	2	0.506656405436889	2	1
13	44124266	C	A	2	0.506656405436889	2	1
14	57372339	C	A	2	0.506656405436889	2	1
1	231884167	C	A	2	0.506656405436889	2	1
15	31620429	C	A	2	0.506656405436889	2	1
2	135685409	C	A	2	0.506656405436889	2	1
11	131376536	C	A	2	0.506656405436889	2	1
13	94182276	C	A	2	0.506656405436889	2	1
12	41604287	C	A	2	0.506656405436889	2	1
13	107428309	C	A	2	0.506656405436889	2	1
6	86065949	C	A	2	0.506656405436889	2	1
22	22314417	C	A	2	0.506656405436889	2	1
19	49878815	C	A	2	0.506656405436889	2	1
17	75850215	C	A	2	0.506656405436889	2	1
22	27673569	C	A	2	0.506656405436889	2	1
15	65016211	C	A	2	0.506656405436889	2	1
5	163727525	C	A	2	0.506656405436889	2	1
16	73937351	C	A	1	0.29063522004102	2	1
5	168029150	C	A	2	0.506656405436889	2	1
17	2734172	C	A	2	0.506656405436889	2	1
22	40253295	C	A	2	0.506656405436889	2	1
15	96886167	C	A	2	0.506656405436889	2	1
15	49861665	C	A	1	0.29063522004102	2	1
9	64275101	C	A	2	0.506656405436889	2	1
1	139196703	C	A	1	0.29063522004102	2	1
22	34570424	C	A	2	0.506656405436889	2	1
20	36142340	C	A	2	0.506656405436889	2	1
15	13328272	C	A	2	0.506656405436889	2	1
7	82359851	C	A	2	0.506656405436889	2	1
20	40982519	C	A	2	0.506656405436889	2	1
13	19902192	C	A	1	0.29063522004102	2	1
22	42764839	C	A	1	0.29063522004102	2	1
13	81001028	C	A	2	0.506656405436889	2	1
8	35226497	C	A	2	0.506656405436889	2	1
8	35290267	C	A	2	0.506656405436889	2	1
4	190025657	C	A	2	0.506656405436889	2	1
13	87188304	C	A	1	0.29063522004102	2	1
14	84043342	C	A	2	0.506656405436889	2	1
17	48317092	C	A	2	0.506656405436889	2	1
10	7062843	C	A	2	0.506656405436889	2	1
11	105987742	C	A	2	0.506656405436889	2	1
16	13003123	C	A	2	0.506656405436889	2	1
8	123101487	C	A	2	0.506656405436889	2	1
5	92902217	C	A	2	0.506656405436889	2	1
7	61460021	C	A	2	0.506656405436889	2	1
7	40508750	C	A	1	0.29063522004102	2	1
11	83209624	C	A	1	0.29063522004102	2	1
16	9258050	C	A	2	0.506656405436889	2	1
18	50904790	C	A	1	0.29063522004102	2	1
15	41223377	C	A	2	0.506656405436889	2	1
20	1476285	C	A	2	0.506656405436889	2	1
4	181704031	C	A	1	0.29063522004102	2	1
12	98542391	C	A	2	0.506656405436889	2	1
19	2988632	C	A	2	0.506656405436889	2	1
7	72997966	C	A	2	0.506656405436889	2	1
12	46847379	C	A	2	0.506656405436889	2	1
13	88466005	C	A	2	0.506656405436889	2	1
14	41834193	C	A	2	0.506656405436889	2	1
13	12787602	C	A	2	0.506656405436889	2	1
11	91804172	C	A	2	0.506656405436889	2	1
3	83713947	C	A	2	0.506656405436889	2	1
22	21689745	C	A	1	0.29063522004102	2	1
16	20225253	C	A	2	0.506656405436889	2	1
1	4093977	C	A	2	0.506656405436889	2	1
22	27710399	C	A	2	0.506656405436889	2	1
1	175348212	C	A	2	0.506656405436889	2	1
21	43439986	C	A	2	0.506656405436889	2	1
2	15199513	C	A	2	0.506656405436889	2	1
2	239494160	C	A	2	0.506656405436889	2	1
5	89656304	C	A	2	0.506656405436889	2	1
22	13072954	C	A	1	0.29063522004102	2	1
6	72473515	C	A	2	0.506656405436889	2	1
11	134584677	C	A	2	0.506656405436889	2	1
21	11979319	C	A	2	0.506656405436889	2	1
11	131534716	C	A	2	0.506656405436889	2	1
15	26781242	C	A	2	0.506656405436889	2	1
3	135990027	C	A	2	0.506656405436889	2	1
16	27050524	C	A	2	0.506656405436889	2	1
18	31928473	C	A	2	0.506656405436889	2	1
9	10377716	C	A	2	0.506656405436889	2	1
20	7029687	C	A	2	0.506656405436889	2	1
21	46927280	C	A	1	0.29063522004102	2	1
22	5061916	C	A	2	0.506656405436889	2	1
5	141162047	C	A	2	0.506656405436889	2	1
6	85963364	C	A	2	0.506656405436889	2	1
10	78104713	C	A	1	0.29063522004102	2	1
19	5739765	C	A	2	0.506656405436889	2	1
2	887383	C	A	1	0.29063522004102	2	1
20	48917956	C	A	2	0.506656405436889	2	1
16	42009396	C	A	2	0.506656405436889	2	1
19	5592110	C	A	2	0.506656405436889	2	1
9	80871732	C	A	2	0.506656405436889	2	1
18	26966433	C	A	2	0.506656405436889	2	1
18	23484195	C	A	2	0.506656405436889	2	1
6	138490915	C	A	2	0.506656405436889	2	1
15	8084717	C	A	2	0.506656405436889	2	1
22	29214198	C	A	2	0.506656405436889	2	1
20	10810363	C	A	1	0.29063522004102	2	1
17	33513601	C	A	2	0.506656405436889	2	1
2	39407203	C	A	2	0.506656405436889	2	1
21	34476956	C	A	2	0.506656405436889	2	1
4	161944487	C	A	1	0.29063522004102	2	1
7	153884771	C	A	2	0.506656405436889	2	1
18	3156920	C	A	2	0.506656405436889	2	1
10	87443764	C	A	2	0.506656405436889	2	1
15	6117859	C	A	2	0.506656405436889	2	1
8	3898654	C	A	2	0.506656405436889	2	1
16	15466421	C	A	1	0.29063522004102	2	1
5	140888562	C	A	2	0.506656405436889	2	1
17	22376019	C	A	2	0.506656405436889	2	1
1	41888697	C	A	2	0.506656405436889	2	1
13	79688840	C	A	2	0.506656405436889	2	1
18	42301867	C	A	1	0.29063522004102	2	1
1	205049471	C	A	2	0.506656405436889	2	1
6	42435559	C	A	2	0.506656405436889	2	1
19	8615506	C	A	2	0.506656405436889	2	1
6	22941355	C	A	2	0.506656405436889	2	1
1	129792650	C	A	2	0.506656405436889	2	1
22	44783014	C	A	2	0.506656405436889	2	1
12	27901398	C	A	2	0.506656405436889	2	1
14	54376099	C	A	2	0.506656405436889	2	1
14	88267763	C	A	1	0.29063522004102	2	1
10	3155946	C	A	2	0.506656405436889	2	1
5	126306675	C	A	2	0.506656405436889	2	1
11	111247059	C	A	2	0.506656405436889	2	1
5	119439130	C	A	2	0.506656405436889	2	1
21	18136456	C	A	2	0.506656405436889	2	1
12	55021791	C	A	1	0.29063522004102	2	1
12	102553329	C	A	2	0.506656405436889	2	1
14	100415819	C	A	1	0.29063522004102	2	1
3	103043680	C	A	2	0.506656405436889	2	1
1	40403355	C	A	2	0.506656405436889	2	1
10	99990712	C	A	2	0.506656405436889	2	1
14	101431922	C	A	3	1	2	1
16	2597526	C	A	2	0.506656405436889	2	1
16	510489	C	A	1	0.29063522004102	2	1
3	8774972	C	A	2	0.506656405436889	2	1
10	18552202	C	A	2	0.506656405436889	2	1
15	80311003	C	A	2	0.506656405436889	2	1
5	122211465	C	A	2	0.506656405436889	2	1
9	7826665	C	A	1	0.29063522004102	2	1
10	69172209	C	A	2	0.506656405436889	2	1
3	43802723	C	A	2	0.506656405436889	2	1
1	75620267	C	A	2	0.506656405436889	2	1
19	18219561	C	A	2	0.506656405436889	2	1
14	2794230	C	A	2	0.506656405436889	2	1
19	40349153	C	A	2	0.506656405436889	2	1
22	27356783	C	A	2	0.506656405436889	2	1
18	27430169	C	A	2	0.506656405436889	2	1
21	26455227	C	A	1	0.29063522004102	2	1
20	19289413	C	A	2	0.506656405436889	2	1
9	23156506	C	A	2	0.506656405436889	2	1
14	85219350	C	A	3	1	2	1
5	175625445	C	A	2	0.506656405436889	2	1
20	36999670	C	A	2	0.506656405436889	2	1
14	106947819	C	A	2	0.506656405436889	2	1
8	129357562	C	A	2	0.506656405436889	2	1
19	8608616	C	A	2	0.506656405436889	2	1
4	175198121	C	A	2	0.506656405436889	2	1
4	102624138	C	A	2	0.506656405436889	2	1
11	109561711	C	A	1	0.29063522004102	2	1
1	41693972	C	A	2	0.506656405436889	2	1
6	101334425	C	A	2	0.506656405436889	2	1
6	114812700	C	A	2	0.506656405436889	2	1
6	34909762	C	A	1	0.29063522004102	2	1
1	25224398	C	A	3	1	2	1
16	13615773	C	A	1	0.29063522004102	2	1
10	32862904	C	A	2	0.506656405436889	2	1
21	14568591	C	A	2	0.506656405436889	2	1
15	34950023	C	A	2	0.506656405436889	2	1
10	82939027	C	A	2	0.506656405436889	2	1
21	40263892	C	A	2	0.506656405436889	2	1
22	35669468	C	A	2	0.506656405436889	2	1
3	71966598	C	A	1	0.29063522004102	2	1
5	82759336	C	A	2	0.506656405436889	2	1
14	33702514	C	A	2	0.506656405436889	2	1
4	110222121	C	A	2	0.506656405436889	2	1
20	39403479	C	A	2	0.506656405436889	2	1
21	22170038	C	A	2	0.506656405436889	2	1
3	168555732	C	A	2	0.506656405436889	2	1
7	86036704	C	A	2	0.506656405436889	2	1
5	114597620	C	A	1	0.29063522004102	2	1
13	103449979	C	A	2	0.506656405436889	2	1
15	67843028	C	A	2	0.506656405436889	2	1
10	102030047	C	A	2	0.506656405436889	2	1
15	58645084	C	A	2	0.506656405436889	2	1
8	23273203	C	A	2	0.506656405436889	2	1
13	4275986	C	A	1	0.29063522004102	2	1
1	86815131	C	A	2	0.506656405436889	2	1
10	112893666	C	A	2	0.506656405436889	2	1
9	110453535	C	A	2	0.506656405436889	2	1
1	157556775	C	A	2	0.506656405436889	2	1
12	90595204	C	A	2	0.506656405436889	2	1
10	74577947	C	A	2	0.506656405436889	2	1
14	4732661	C	A	2	0.506656405436889	2	1
6	165503164	C	A	2	0.506656405436889	2	1
18	44372044	C	A	2	0.506656405436889	2	1
20	39593657	C	A	2	0.506656405436889	2	1
21	2050856	C	A	1	0.29063522004102	2	1
9	48633072	C	A	2	0.506656405436889	2	1
17	79104991	C	A	2	0.506656405436889	2	1
11	56124227	C	A	3	1	2	1
4	186557501	C	A	2	0.506656405436889	2	1
1	165613717	C	A	2	0.506656405436889	2	1
14	67265716	C	A	2	0.506656405436889	2	1
17	10983849	C	A	2	0.506656405436889	2	1
21	17254360	C	A	1	0.29063522004102	2	1
3	14763108	C	A	2	0.506656405436889	2	1
16	46078439	C	A	2	0.506656405436889	2	1
19	43708729	C	A	2	0.506656405436889	2	1
5	15557068	C	A	1	0.29063522004102	2	1
17	67359130	C	A	2	0.506656405436889	2	1
22	24141391	C	A	2	0.506656405436889	2	1
13	7823677	C	A	2	0.506656405436889	2	1
14	62433181	C	A	1	0.29063522004102	2	1
11	68881029	C	A	3	1	2	1
10	29369141	C	A	2	0.506656405436889	2	1
21	7946014	C	A	2	0.506656405436889	2	1
18	64142670	C	A	2	0.506656405436889	2	1
11	35418489	C	A	1	0.29063522004102	2	1
17	6877352	C	A	2	0.506656405436889	2	1
1	62822578	C	A	2	0.506656405436889	2	1
1	175633082	C	A	2	0.506656405436889	2	1
3	104747152	C	A	2	0.506656405436889	2	1
19	30721148	C	A	2	0.506656405436889	2	1
7	129449512	C	A	1	0.29063522004102	2	1
16	22049293	C	A	2	0.506656405436889	2	1
20	17076024	C	A	1	0.29063522004102	2	1
9	57286187	C	A	2	0.506656405436889	2	1
4	165020556	C	A	2	0.506656405436889	2	1
14	84760045	C	A	2	0.506656405436889	2	1
2	217978955	C	A	2	0.506656405436889	2	1
9	11396304	C	A	3	1	2	1
10	36110166	C	A	1	0.29063522004102	2	1
11	5885050	C	A	2	0.506656405436889	2	1
4	164653245	C	A	2	0.506656405436889	2	1
7	156091211	C	A	2	0.506656405436889	2	1
3	68578628	C	A	2	0.506656405436889	2	1
16	27327266	C	A	1	0.29063522004102	2	1
22	16765213	C	A	2	0.506656405436889	2	1
4	49919233	C	A	1	0.29063522004102	2	1
20	23831246	C	A	2	0.506656405436889	2	1
9	97549620	C	A	2	0.506656405436889	2	1
22	30722803	C	A	2	0.506656405436889	2	1
1	102582137	C	A	1	0.29063522004102	2	1
22	33656657	C	A	2	0.506656405436889	2	1
9	3978213	C	A	2	0.506656405436889	2	1
17	65379975	C	A	1	0.29063522004102	2	1
6	95972302	C	A	2	0.506656405436889	2	1
22	50111747	C	A	1	0.29063522004102	2	1
10	125775128	C	A	2	0.506656405436889	2	1
17	67259129	C	A	1	0.29063522004102	2	1
8	82827144	C	A	2	0.506656405436889	2	1
16	81001835	C	A	2	0.506656405436889	2	1
10	17400455	C	A	1	0.29063522004102	2	1
6	91563812	C	A	2	0.506656405436889	2	1
2	25184667	C	A	2	0.506656405436889	2	1
17	1942366	C	A	2	0.506656405436889	2	1
16	85449331	C	A	3	1	2	1
17	23331797	C	A	2	0.506656405436889	2	1
9	11205224	C	A	2	0.506656405436889	2	1
15	26524903	C	A	2	0.506656405436889	2	1
20	41696522	C	A	2	0.506656405436889	2	1
7	50369846	C	A	3	1	2	1
18	75770712	C	A	2	0.506656405436889	2	1
22	3425099	C	A	2	0.506656405436889	2	1
17	79529603	C	A	2	0.506656405436889	2	1
1	90204798	C	A	2	0.506656405436889	2	1
15	58156225	C	A	2	0.506656405436889	2	1
20	42084073	C	A	2	0.506656405436889	2	1
10	100764146	C	A	2	0.506656405436889	2	1
19	40724091	C	A	2	0.506656405436889	2	1
5	84572282	C	A	2	0.506656405436889	2	1
19	2214800	C	A	2	0.506656405436889	2	1
21	10486963	C	A	2	0.506656405436889	2	1
1	24382060	C	A	3	1	2	1
9	48890779	C	A	2	0.506656405436889	2	1
16	50634307	C	A	2	0.506656405436889	2	1
14	34898648	C	A	2	0.506656405436889	2	1
4	148119430	C	A	2	0.506656405436889	2	1
17	56768209	C	A	2	0.506656405436889	2	1
9	104283410	C	A	2	0.506656405436889	2	1
9	76012831	C	A	1	0.29063522004102	2	1
10	93556476	C	A	2	0.506656405436889	2	1
7	93091943	C	A	1	0.29063522004102	2	1
14	99440638	C	A	2	0.506656405436889	2	1
18	1707812	C	A	2	0.506656405436889	2	1
4	6584697	C	A	3	1	2	1
18	23342461	C	A	2	0.506656405436889	2	1
14	46313142	C	A	1	0.29063522004102	2	1
10	4972934	C	A	1	0.29063522004102	2	1
11	77609424	C	A	2	0.506656405436889	2	1
8	130912028	C	A	2	0.506656405436889	2	1
7	43968917	C	A	3	1	2	1
17	37703964	C	A	2	0.506656405436889	2	1
12	113181264	C	A	1	0.29063522004102	2	1
19	13485686	C	A	1	0.29063522004102	2	1
2	61466411	C	A	2	0.506656405436889	2	1
9	26451090	C	A	2	0.506656405436889	2	1
16	47292262	C	A	2	0.506656405436889	2	1
18	22701955	C	A	2	0.506656405436889	2	1
5	87963895	C	A	2	0.506656405436889	2	1
21	3300661	C	A	2	0.506656405436889	2	1
21	32668467	C	A	2	0.506656405436889	2	1
19	15480682	C	A	1	0.29063522004102	2	1
21	12385610	C	A	1	0.29063522004102	2	1
2	97153770	C	A	2	0.506656405436889	2	1
13	42707402	C	A	1	0.29063522004102	2	1
10	127416697	C	A	2	0.506656405436889	2	1
6	36254406	C	A	2	0.506656405436889	2	1
7	111217251	C	A	2	0.506656405436889	2	1
11	116080084	C	A	2	0.506656405436889	2	1
5	3812658	C	A	2	0.506656405436889	2	1
8	52527741	C	A	2	0.506656405436889	2	1
12	125442061	C	A	2	0.506656405436889	2	1
1	200006632	C	A	2	0.506656405436889	2	1
3	22057179	C	A	2	0.506656405436889	2	1
10	116225751	C	A	2	0.506656405436889	2	1
13	25152913	C	A	2	0.506656405436889	2	1
12	119902634	C	A	2	0.506656405436889	2	1
21	11375599	C	A	2	0.506656405436889	2	1
4	52907752	C	A	2	0.506656405436889	2	1
15	100751560	C	A	2	0.506656405436889	2	1
21	14494970	C	A	2	0.506656405436889	2	1
19	48611828	C	A	2	0.506656405436889	2	1
16	70591062	C	A	2	0.506656405436889	2	1
22	4185453	C	A	1	0.29063522004102	2	1
17	31542790	C	A	2	0.506656405436889	2	1
1	149704378	C	A	1	0.29063522004102	2	1
8	11765319	C	A	2	0.506656405436889	2	1
3	134682568	C	A	2	0.506656405436889	2	1
11	115146801	C	A	2	0.506656405436889	2	1
15	22987452	C	A	2	0.506656405436889	2	1
22	11790197	C	A	1	0.29063522004102	2	1
8	58870445	C	A	2	0.506656405436889	2	1
19	23434097	C	A	2	0.506656405436889	2	1
21	11081835	C	A	2	0.506656405436889	2	1
16	75011473	C	A	2	0.506656405436889	2	1
16	53612096	C	A	2	0.506656405436889	2	1
15	77068978	C	A	2	0.506656405436889	2	1
13	96123802	C	A	2	0.506656405436889	2	1
7	93273778	C	A	2	0.506656405436889	2	1
6	63277655	C	A	2	0.506656405436889	2	1
8	126597151	C	A	1	0.29063522004102	2	1
4	34747929	C	A	2	0.506656405436889	2	1
3	148878493	C	A	2	0.506656405436889	2	1
16	12944410	C	A	2	0.506656405436889	2	1
17	66454486	C	A	2	0.506656405436889	2	1
9	129455250	C	A	2	0.506656405436889	2	1
1	118066320	C	A	2	0.506656405436889	2	1
17	48662593	C	A	2	0.506656405436889	2	1
21	35123843	C	A	2	0.506656405436889	2	1
4	7559526	C	A	2	0.506656405436889	2	1
10	101298651	C	A	2	0.506656405436889	2	1
2	51826351	C	A	1	0.29063522004102	2	1
7	67600036	C	A	2	0.506656405436889	2	1
6	22427095	C	A	2	0.506656405436889	2	1
17	41124952	C	A	2	0.506656405436889	2	1
13	103800508	C	A	2	0.506656405436889	2	1
16	68561375	C	A	2	0.506656405436889	2	1
17	79649214	C	A	2	0.506656405436889	2	1
2	238900710	C	A	2	0.506656405436889	2	1
13	113955369	C	A	2	0.506656405436889	2	1
3	171405262	C	A	2	0.506656405436889	2	1
19	33476831	C	A	2	0.506656405436889	2	1
13	112541470	C	A	2	0.506656405436889	2	1
20	6063908	C	A	2	0.506656405436889	2	1
20	24886121	C	A	3	1	2	1
17	76739752	C	A	2	0.506656405436889	2	1
18	2062407	C	A	1	0.29063522004102	2	1
13	36872128	C	A	2	0.506656405436889	2	1
10	8207155	C	A	2	0.506656405436889	2	1
19	31726943	C	A	2	0.506656405436889	2	1
19	40101845	C	A	2	0.506656405436889	2	1
10	37536571	C	A	2	0.506656405436889	2	1
13	6461269	C	A	2	0.506656405436889	2	1
2	107143433	C	A	2	0.506656405436889	2	1
21	26611098	C	A	1	0.29063522004102	2	1
19	27871534	C	A	2	0.506656405436889	2	1
16	86673608	C	A	2	0.506656405436889	2	1
12	95468160	C	A	2	0.506656405436889	2	1
3	119109418	C	A	2	0.506656405436889	2	1
9	96921739	C	A	2	0.506656405436889	2	1
3	4201278	C	A	3	1	2	1
20	23541459	C	A	2	0.506656405436889	2	1
22	7371081	C	A	3	1	2	1
18	18530795	C	A	2	0.506656405436889	2	1
20	11323460	C	A	2	0.506656405436889	2	1
1	68161251	C	A	2	0.506656405436889	2	1
10	65351489	C	A	2	0.506656405436889	2	1
16	30827513	C	A	2	0.506656405436889	2	1
3	48796917	C	A	2	0.506656405436889	2	1
1	96803328	C	A	2	0.506656405436889	2	1
21	46278353	C	A	2	0.506656405436889	2	1
10	63963260	C	A	2	0.506656405436889	2	1
6	72928454	C	A	2	0.506656405436889	2	1
19	24036755	C	A	2	0.506656405436889	2	1
21	12687614	C	A	2	0.506656405436889	2	1
18	52764805	C	A	2	0.506656405436889	2	1
8	125515624	C	A	2	0.506656405436889	2	1
13	87078263	C	A	1	0.29063522004102	2	1
21	2682481	C	A	1	0.29063522004102	2	1
21	40563490	C	A	2	0.506656405436889	2	1
12	129213175	C	A	2	0.506656405436889	2	1
9	52919966	C	A	2	0.506656405436889	2	1
17	3236923	C	A	2	0.506656405436889	2	1
9	76925057	C	A	1	0.29063522004102	2	1
17	38508772	C	A	2	0.506656405436889	2	1
5	26660361	C	A	2	0.506656405436889	2	1
12	3846954	C	A	2	0.506656405436889	2	1
1	183519634	C	A	2	0.506656405436889	2	1
13	9686723	C	A	2	0.506656405436889	2	1
12	107569290	C	A	2	0.506656405436889	2	1
18	69492550	C	A	2	0.506656405436889	2	1
18	47956118	C	A	2	0.506656405436889	2	1
11	121917561	C	A	2	0.506656405436889	2	1
18	4717884	C	A	2	0.506656405436889	2	1
20	27536844	C	A	2	0.506656405436889	2	1
12	122075232	C	A	2	0.506656405436889	2	1
1	240630473	C	A	2	0.506656405436889	2	1
1	7365761	C	A	2	0.506656405436889	2	1
20	54288130	C	A	1	0.29063522004102	2	1
15	88585544	C	A	2	0.506656405436889	2	1
10	65297048	C	A	3	1	2	1
8	122185633	C	A	2	0.506656405436889	2	1
14	89535465	C	A	2	0.506656405436889	2	1
1	9644929	C	A	2	0.506656405436889	2	1
2	132103589	C	A	2	0.506656405436889	2	1
13	7827338	C	A	2	0.506656405436889	2	1
3	77803785	C	A	2	0.506656405436889	2	1
7	27878501	C	A	2	0.506656405436889	2	1
4	109133373	C	A	2	0.506656405436889	2	1
6	105498360	C	A	2	0.506656405436889	2	1
9	20802952	C	A	2	0.506656405436889	2	1
12	8982964	C	A	1	0.29063522004102	2	1
16	23268618	C	A	2	0.506656405436889	2	1
9	65166798	C	A	3	1	2	1
14	60854921	C	A	2	0.506656405436889	2	1
4	87556589	C	A	2	0.506656405436889	2	1
7	77921235	C	A	2	0.506656405436889	2	1
4	95259095	C	A	2	0.506656405436889	2	1
15	47570356	C	A	2	0.506656405436889	2	1
18	14539440	C	A	2	0.506656405436889	2	1
5	35166169	C	A	2	0.506656405436889	2	1
17	75265098	C	A	2	0.506656405436889	2	1
4	145643433	C	A	2	0.506656405436889	2	1
16	77560087	C	A	2	0.506656405436889	2	1
6	29796699	C	A	2	0.506656405436889	2	1
1	84869721	C	A	2	0.506656405436889	2	1
5	8598252	C	A	1	0.29063522004102	2	1
17	27273562	C	A	2	0.506656405436889	2	1
18	57946072	C	A	1	0.29063522004102	2	1
12	63010292	C	A	1	0.29063522004102	2	1
10	29230429	C	A	1	0.29063522004102	2	1
18	27488364	C	A	2	0.506656405436889	2	1
1	185340960	C	A	2	0.506656405436889	2	1
11	40004400	C	A	2	0.506656405436889	2	1
14	67959972	C	A	3	1	2	1
4	170822976	C	A	2	0.506656405436889	2	1
19	56336395	C	A	2	0.506656405436889	2	1
22	48171800	C	A	2	0.506656405436889	2	1
5	84869908	C	A	2	0.506656405436889	2	1
22	11375717	C	A	2	0.506656405436889	2	1
11	17734806	C	A	1	0.29063522004102	2	1
20	53500400	C	A	2	0.506656405436889	2	1
16	6858339	C	A	1	0.29063522004102	2	1
15	72286295	C	A	2	0.506656405436889	2	1
4	67867317	C	A	2	0.506656405436889	2	1
12	66967787	C	A	2	0.506656405436889	2	1
15	58095517	C	A	2	0.506656405436889	2	1
16	84691313	C	A	2	0.506656405436889	2	1
17	32345033	C	A	2	0.506656405436889	2	1
15	96586629	C	A	1	0.29063522004102	2	1
4	115261588	C	A	2	0.506656405436889	2	1
15	72367235	C	A	2	0.506656405436889	2	1
22	51151191	C	A	2	0.506656405436889	2	1
13	114899944	C	A	1	0.29063522004102	2	1
8	107737662	C	A	2	0.506656405436889	2	1
19	58853673	C	A	2	0.506656405436889	2	1
20	39417095	C	A	2	0.506656405436889	2	1
5	140752049	C	A	2	0.506656405436889	2	1
22	8095284	C	A	2	0.506656405436889	2	1
3	147643132	C	A	2	0.506656405436889	2	1
15	51515497	C	A	1	0.29063522004102	2	1
17	77758145	C	A	2	0.506656405436889	2	1
6	156536353	C	A	1	0.29063522004102	2	1
22	21731776	C	A	2	0.506656405436889	2	1
13	5772243	C	A	2	0.506656405436889	2	1
11	133731113	C	A	3	1	2	1
11	36065362	C	A	2	0.506656405436889	2	1
11	127000321	C	A	2	0.506656405436889	2	1
10	124630097	C	A	2	0.506656405436889	2	1
20	9190483	C	A	2	0.506656405436889	2	1
8	70430675	C	A	2	0.506656405436889	2	1
11	52982396	C	A	2	0.506656405436889	2	1
1	147439129	C	A	1	0.29063522004102	2	1
14	81680286	C	A	1	0.29063522004102	2	1
11	47121205	C	A	2	0.506656405436889	2	1
6	162843445	C	A	1	0.29063522004102	2	1
8	29502750	C	A	2	0.506656405436889	2	1
13	58511526	C	A	2	0.506656405436889	2	1
13	24875522	C	A	2	0.506656405436889	2	1
17	72541681	C	A	2	0.506656405436889	2	1
12	173146	C	A	2	0.506656405436889	2	1
1	5994296	C	A	2	0.506656405436889	2	1
3	43127411	C	A	1	0.29063522004102	2	1
13	108003767	C	A	2	0.506656405436889	2	1
8	128860213	C	A	2	0.506656405436889	2	1
9	3010989	C	A	2	0.506656405436889	2	1
19	48781164	C	A	2	0.506656405436889	2	1
18	44694706	C	A	2	0.506656405436889	2	1
17	80390003	C	A	2	0.506656405436889	2	1
17	12411784	C	A	2	0.506656405436889	2	1
10	6941536	C	A	2	0.506656405436889	2	1
21	39668378	C	A	2	0.506656405436889	2	1
22	14123963	C	A	2	0.506656405436889	2	1
6	146291673	C	A	1	0.29063522004102	2	1
18	44631487	C	A	2	0.506656405436889	2	1
2	213162165	C	A	2	0.506656405436889	2	1
18	14784263	C	A	1	0.29063522004102	2	1
1	144423534	C	A	2	0.506656405436889	2	1
16	58283207	C	A	2	0.506656405436889	2	1
9	41148592	C	A	2	0.506656405436889	2	1
10	74909660	C	A	1	0.29063522004102	2	1
19	7358771	C	A	2	0.506656405436889	2	1
8	90906976	C	A	2	0.506656405436889	2	1
1	18397068	C	A	2	0.506656405436889	2	1
5	152217337	C	A	2	0.506656405436889	2	1
12	112543887	C	A	2	0.506656405436889	2	1
12	121580849	C	A	1	0.29063522004102	2	1
14	58271830	C	A	2	0.506656405436889	2	1
3	17170690	C	A	2	0.506656405436889	2	1
10	105744542	C	A	2	0.506656405436889	2	1
7	121687314	C	A	2	0.506656405436889	2	1
4	147892387	C	A	1	0.29063522004102	2	1
10	76649317	C	A	2	0.506656405436889	2	1
1	50077219	C	A	2	0.506656405436889	2	1
11	48642649	C	A	2	0.506656405436889	2	1
11	124055607	C	A	2	0.506656405436889	2	1
11	49092341	C	A	2	0.506656405436889	2	1
14	37829155	C	A	2	0.506656405436889	2	1
20	15923917	C	A	2	0.506656405436889	2	1
